00000000000000000000000000001111
00000000000000000000000000001110
00000000000000000000000000000111
00000000000000000000000000001011
00000000000000000000000000001101
00000000000000000000000000001001
00000000000000000000000000011111
00000000000000000000000000011111
00000000000000000000000000101111
00000000000000000000000001001111
00000000000000000000000010001111
00000000000000000000000001101111
00000000000000000000000110001111
00000000000000000000000101001111
00000000000000000000001000001111
00000000000000000000010000001111
00000000000000000000100000001111
00000000000000000001000000001111
00000000000000000010000000001111
00000000000000000100000000001111
00000000000000001000000000001111
00000000000000010000000000001111
00000000000000010010001001001111
00000000000000100000000100001111
00000000000000000100100000001111
00000000000100000000001000001111
00000000000000000100000000001111
00000000001010100001001001001111
00000000100000000000000000001111
00000001000000001000010000001111
00001001000100000010001000001111
00101000000000100000001111001111